22 57 51.6729| 35.1682358|AND 
22 57 22.2843| 53.1680298|AND 
23 25 48.6945| 53.1870041|AND 
23 25 51.7638| 50.6870193|AND 
23 41 04.9337| 50.6929131|AND 
23 41 06.2589| 48.6929169|AND 
00 16 35.1282| 48.6949348|AND 
00 16 34.3869| 46.6949348|AND 
00 59 06.2585| 46.6757545|AND 
00 59 09.3282| 48.6757393|AND 
01 14 21.2179| 48.6632690|AND 
01 14 25.4169| 50.6632347|AND 
01 29 37.9047| 50.6478767|AND 
01 47 52.4457| 50.6257439|AND 
01 47 43.5455| 47.6258430|AND 
02 10 29.1579| 47.5927505|AND 
02 10 41.7123| 51.0925827|AND 
02 39 32.5149| 51.0423737|AND 
02 38 43.0419| 37.2931557|AND 
02 07 29.0619| 37.3470840|AND 
02 07 25.0201| 35.5971375|AND 
01 31 38.6004| 35.6453362|AND 
01 31 35.3823| 33.6453705|AND 
00 49 46.3353| 33.6818962|AND 
00 49 39.2379| 24.4319324|AND 
00 57 41.7755| 24.4266243|AND 
00 57 39.5557| 21.6766376|AND 
00 14 57.5811| 21.6951923|AND 
00 14 57.7547| 22.6951923|AND 
00 10 26.4039| 22.6957588|AND 
00 10 27.0822| 28.6957588|AND 
00 06 25.4919| 28.6960354|AND 
00 06 25.6745| 32.0293655|AND 
23 51 18.8979| 32.0285034|AND 
23 51 18.7398| 32.7785072|AND 
23 36 11.7979| 32.7746468|AND 
23 36 10.6031| 35.1913109|AND
