18 41 24.0501|  0.1154895|AQL 
18 41 18.2958|  2.1153460|AQL 
18 58 18.3421|  2.1659052|AQL 
18 58 06.2364|  6.4156075|AQL 
18 45 50.0565|  6.3791943|AQL 
18 45 33.1308| 12.1287737|AQL 
18 57 49.5029| 12.1651964|AQL 
18 57 29.6727| 18.6647091|AQL 
19 05 30.1185| 18.6882229|AQL 
19 05 37.3146| 16.3550682|AQL 
19 55 41.0797| 16.4957294|AQL 
19 55 42.2400| 16.0790844|AQL 
20 14 14.1594| 16.1275158|AQL 
20 14 32.8020|  8.8779116|AQL 
20 24 03.3495|  8.9018240|AQL 
20 24 18.9843|  2.4021468|AQL 
20 38 19.1706|  2.4360874|AQL 
20 38 23.7231|  0.4361772|AQL 
20 38 44.3155| -8.5634165|AQL 
20 06 46.4871| -8.6430750|AQL 
20 06 54.3287|-11.6762342|AQL 
18 58 58.5729|-11.8664360|AQL 
18 58 35.3503| -3.8336766|AQL 
18 41 35.5650| -3.8842230|AQL 
