04 37 56.8650| 30.9218750|AUR 
04 38 17.7219| 36.2547150|AUR 
04 49 49.7625| 36.2218513|AUR 
04 51 21.6684| 52.7196465|AUR 
05 09 56.3429| 52.6655540|AUR 
05 10 25.6235| 56.1648331|AUR 
06 16 31.4613| 55.9658089|AUR 
06 16 13.7679| 53.9662552|AUR 
06 40 11.0475| 53.8938293|AUR 
06 39 40.6703| 49.8945885|AUR 
06 57 37.5261| 49.8410034|AUR 
06 57 03.6727| 44.3418388|AUR 
07 30 56.1899| 44.2435493|AUR 
07 30 14.5725| 35.2445297|AUR 
06 40 21.6663| 35.3905640|AUR 
06 39 51.7579| 27.8913116|AUR 
06 00 53.0571| 28.0092907|AUR 
06 00 54.9367| 28.5092430|AUR 
04 52 50.9941| 28.7124405|AUR 
04 52 56.4823| 30.2123089|AUR 
04 37 54.4293| 30.2552605|AUR 
