15 11 07.5567|  7.5253930|BOO 
13 36 15.3237|  7.3605771|BOO 
13 36 06.9433| 14.3604937|BOO 
13 35 48.9293| 27.8603134|BOO 
14 03 09.3186| 27.8976517|BOO 
14 03 05.0061| 30.1475964|BOO 
14 07 33.3441| 30.1545391|BOO 
14 06 47.6957| 47.9039383|BOO 
14 06 20.2539| 54.9035759|BOO 
14 29 00.2997| 54.9422379|BOO 
15 18 21.8531| 55.0448647|BOO 
15 18 37.7697| 52.5451736|BOO 
15 48 20.2737| 52.6174774|BOO 
15 48 29.9005| 51.1176796|BOO 
15 49 27.7025| 39.6189079|BOO 
15 30 34.4765| 39.5721130|BOO 
15 30 59.2747| 32.5726128|BOO 
15 16 03.8205| 32.5376778|BOO 
15 16 23.8839| 25.5380573|BOO 
15 10 25.3179| 25.5246105|BOO 
