06 16 31.4613| 55.9658089|CAM 
05 10 25.6235| 56.1648331|CAM 
05 09 56.3429| 52.6655540|CAM 
04 51 21.6684| 52.7196465|CAM 
03 29 15.1407| 52.9366074|CAM 
03 29 31.6561| 55.4362831|CAM 
03 19 24.9654| 55.4596519|CAM 
03 19 39.2391| 57.4593849|CAM 
03 15 36.2232| 57.4684982|CAM 
03 17 34.9098| 68.4662857|CAM 
03 36 56.8883| 68.4214401|CAM 
03 41 14.0997| 77.4163132|CAM 
03 46 54.2903| 77.4025955|CAM 
03 50 07.3176| 80.3986664|CAM 
05 21 57.3347| 80.1478500|CAM 
05 38 08.6683| 85.1239471|CAM 
08 31 48.8676| 84.6103745|CAM 
08 41 36.6601| 86.0975418|CAM 
14 12 05.5098| 85.9308090|CAM 
14 27 07.8855| 79.4449844|CAM 
13 35 14.2055| 79.3629303|CAM 
13 36 37.6845| 76.3638153|CAM 
13 03 16.9470| 76.3289108|CAM 
11 37 44.3511| 76.3084106|CAM 
11 38 07.5801| 79.3083420|CAM 
10 51 16.4635| 79.3401794|CAM 
10 52 25.2999| 81.3396072|CAM 
09 28 45.8868| 81.4677658|CAM 
09 22 27.7137| 72.9741364|CAM 
08 12 20.6949| 73.1383743|CAM 
08 08 30.9843| 59.6433983|CAM 
07 11 00.7674| 59.8037262|CAM 
07 11 24.3726| 61.8031464|CAM 
06 17 37.7895| 61.9641266|CAM 
