
11 20 37.4211|-57.1843452|CAR 
11 05 20.9415|-57.1744423|CAR 
08 53 17.6773|-56.9739723|CAR 
08 53 31.2417|-54.9742203|CAR 
08 30 16.1085|-54.9204712|CAR 
08 30 26.2299|-53.4206772|CAR 
08 13 16.8279|-53.3782196|CAR 
08 13 31.4709|-51.1285286|CAR 
08 03 26.8074|-51.1025848|CAR 
06 02 59.7365|-50.7545471|CAR 
06 02 46.4892|-52.5042114|CAR 
06 12 46.6449|-52.5345764|CAR 
06 12 25.7760|-55.0340500|CAR 
06 32 27.4261|-55.0945587|CAR 
06 31 58.8187|-58.0938416|CAR 
06 52 02.6681|-58.1537018|CAR 
06 50 48.7953|-64.1518784|CAR 
09 04 22.7345|-64.4990387|CAR 
09 00 58.4849|-75.4954681|CAR 
11 19 25.6735|-75.6840134|CAR 
11 20 20.3547|-64.6842651|CAR 
