22 57 22.2843| 53.1680298|CAS 
22 57 12.9665| 56.9179611|CAS 
22 57 04.5897| 59.7512321|CAS 
23 15 26.3193| 59.7646751|CAS 
23 15 15.9577| 63.6812897|CAS 
23 40 52.2171| 63.6928787|CAS 
23 40 47.4863| 66.6928711|CAS 
00 27 03.3033| 66.6924438|CAS 
00 27 41.4993| 77.6923447|CAS 
03 41 14.0997| 77.4163132|CAS 
03 36 56.8883| 68.4214401|CAS 
03 17 34.9098| 68.4662857|CAS 
03 15 36.2232| 57.4684982|CAS 
02 35 02.9609| 57.5513000|CAS 
02 35 12.5653| 59.0511551|CAS 
02 03 10.9501| 59.1046104|CAS 
02 03 05.6697| 58.1046753|CAS 
01 50 22.8534| 58.1227188|CAS 
01 50 08.0739| 54.6228828|CAS 
01 29 49.4433| 54.6477699|CAS 
01 29 37.9047| 50.6478767|CAS 
01 14 25.4169| 50.6632347|CAS 
01 14 21.2179| 48.6632690|CAS 
00 59 09.3282| 48.6757393|CAS 
00 59 06.2585| 46.6757545|CAS 
00 16 34.3869| 46.6949348|CAS 
00 16 35.1282| 48.6949348|CAS 
23 41 06.2589| 48.6929169|CAS 
23 41 04.9337| 50.6929131|CAS 
23 25 51.7638| 50.6870193|CAS 
23 25 48.6945| 53.1870041|CAS 
