11 05 55.0471|-35.6746559|CEN 
11 05 49.5611|-40.4246216|CEN 
11 05 20.9415|-57.1744423|CEN 
11 20 37.4211|-57.1843452|CEN 
11 20 20.3547|-64.6842651|CEN 
11 56 13.7673|-64.6957855|CEN 
11 56 16.9843|-55.6957932|CEN 
12 57 20.2827|-55.6771049|CEN 
12 57 45.2113|-64.6769638|CEN 
13 38 43.2687|-64.6379395|CEN 
14 42 03.5939|-64.5390244|CEN 
14 40 56.2717|-55.5400887|CEN 
14 18 37.6359|-55.5799522|CEN 
14 17 48.0635|-42.5806465|CEN 
15 03 11.1071|-42.4941750|CEN 
15 02 31.3847|-29.9948788|CEN 
12 41 40.1759|-30.1863899|CEN 
12 41 42.5277|-33.6863785|CEN 
12 21 32.9843|-33.6938934|CEN 
12 21 33.6711|-35.6938896|CEN 
