20 02 17.5830| 59.8510780|CEP 
20 01 56.4481| 61.8506203|CEP 
20 27 14.8482| 61.9143791|CEP 
20 26 04.1715| 67.4129562|CEP 
20 41 20.1635| 67.4490280|CEP 
20 38 17.5297| 75.4455261|CEP 
20 07 29.6155| 75.3708725|CEP 
20 02 41.7120| 80.3647766|CEP 
20 54 49.4097| 80.4867859|CEP 
20 34 53.0328| 86.4656219|CEP 
20 33 19.5253| 86.6306305|CEP 
22 54 02.5599| 86.8368912|CEP 
22 37 02.6371| 88.6638870|CEP 
09 03 19.7931| 87.5689163|CEP 
08 41 36.6601| 86.0975418|CEP 
08 31 48.8676| 84.6103745|CEP 
05 38 08.6683| 85.1239471|CEP 
05 21 57.3347| 80.1478500|CEP 
03 50 07.3176| 80.3986664|CEP 
03 46 54.2903| 77.4025955|CEP 
03 41 14.0997| 77.4163132|CEP 
00 27 41.4993| 77.6923447|CEP 
00 27 03.3033| 66.6924438|CEP 
23 40 47.4863| 66.6928711|CEP 
23 40 52.2171| 63.6928787|CEP 
23 15 15.9577| 63.6812897|CEP 
23 15 26.3193| 59.7646751|CEP 
22 57 04.5897| 59.7512321|CEP 
22 57 12.9665| 56.9179611|CEP 
22 23 38.6232| 56.8825760|CEP 
22 23 43.5123| 55.6326256|CEP 
22 12 33.0303| 55.6178436|CEP 
22 12 41.9223| 53.3679428|CEP 
22 02 33.4104| 53.3532715|CEP 
22 02 24.5253| 55.4364891|CEP 
20 39 19.5267| 55.2753258|CEP 
20 38 29.7107| 61.3576965|CEP 
20 34 38.5929| 61.3486443|CEP 
20 34 51.9823| 59.9322395|CEP