19 20 31.8351| 27.7324085|CYG 
19 20 22.8606| 30.2321968|CYG 
19 26 23.7066| 30.2493153|CYG 
19 25 58.2251| 36.7487144|CYG 
19 28 28.7173| 36.7558022|CYG 
19 27 56.0466| 43.7550354|CYG 
19 13 52.8737| 43.7149391|CYG 
19 13 30.1249| 47.7143936|CYG 
19 08 28.9554| 47.6998672|CYG 
19 07 30.3503| 55.6984482|CYG 
19 27 37.1023| 55.7560043|CYG 
19 27 14.2920| 58.2554703|CYG 
19 48 24.1329| 58.3138733|CYG 
19 48 09.4179| 59.8135414|CYG 
20 02 17.5830| 59.8510780|CYG 
20 34 51.9823| 59.9322395|CYG 
20 34 38.5929| 61.3486443|CYG 
20 38 29.7107| 61.3576965|CYG 
20 39 19.5267| 55.2753258|CYG 
22 02 24.5253| 55.4364891|CYG 
22 02 33.4104| 53.3532715|CYG 
22 03 03.0391| 44.6036453|CYG 
21 59 30.8655| 44.5982513|CYG 
21 59 31.5935| 44.3482628|CYG 
21 57 30.3937| 44.3451195|CYG 
21 57 50.6430| 36.5953827|CYG 
21 49 16.7916| 36.5815468|CYG 
21 49 34.8435| 28.5817947|CYG 
21 30 28.8393| 28.5480537|CYG 
21 00 20.1395| 28.4871883|CYG 
21 00 17.4201| 29.4871387|CYG 
19 45 00.2265| 29.3010578|CYG 
19 45 05.3283| 27.8011742|CYG 
