03 53 16.5091|-52.7968445|DOR 
04 03 11.4951|-52.8228111|DOR 
04 02 46.3005|-56.1555862|DOR 
04 22 36.1110|-56.2093849|DOR 
04 22 13.1016|-58.7088547|DOR 
04 37 05.8883|-58.7506638|DOR 
04 35 10.5645|-67.2479248|DOR 
04 34 19.5657|-69.7467194|DOR 
06 33 49.0615|-70.1041336|DOR 
06 35 44.9397|-64.1070251|DOR 
06 00 41.6743|-64.0010529|DOR 
06 01 22.8147|-61.0020981|DOR 
05 31 25.8273|-60.9112892|DOR 
05 32 04.5129|-57.4122620|DOR 
05 02 11.4583|-57.3230400|DOR 
05 02 42.4842|-53.8238029|DOR 
04 32 52.2589|-53.7376366|DOR 
04 33 26.9395|-48.7384491|DOR 
04 19 31.7727|-48.6996651|DOR 
04 08 35.9779|-48.6699715|DOR 
04 08 23.6735|-50.6697006|DOR 
03 53 30.5199|-50.6304779|DOR 
