06 25 29.4633| 11.9332972|GEM 
06 25 46.5402| 17.4328651|GEM 
06 20 16.6981| 17.4495068|GEM 
06 20 29.7906| 21.4491768|GEM 
06 00 30.0373| 21.5098724|GEM 
06 00 34.5690| 22.8430862|GEM 
06 00 53.0571| 28.0092907|GEM 
06 39 51.7579| 27.8913116|GEM 
06 40 21.6663| 35.3905640|GEM 
07 30 14.5725| 35.2445297|GEM 
07 53 09.5301| 35.1810532|GEM 
07 53 01.9392| 33.1812286|GEM 
08 07 58.3755| 33.1415138|GEM 
08 07 39.8327| 27.6419144|GEM 
08 00 41.1951| 27.6602821|GEM 
08 00 16.8297| 19.6608200|GEM 
07 55 47.4107| 19.6728077|GEM 
07 55 29.1853| 13.1732168|GEM 
07 37 00.6546| 13.2238064|GEM 
07 36 57.8409| 12.2238722|GEM 
07 06 59.5746| 12.3095980|GEM 
07 06 52.2911|  9.8097754|GEM 
07 02 52.4303|  9.8214874|GEM 
07 02 58.2756| 11.8213453|GEM 
