16 22 14.0628|  3.7033811|HER 
16 11 14.3203|  3.6735139|HER 
16 10 42.3912| 15.6728001|HER 
16 00 43.4577| 15.6463346|HER 
16 00 26.6418| 21.6459675|HER 
16 07 25.5781| 21.6644115|HER 
16 07 13.3763| 25.6641407|HER 
16 15 12.0438| 25.6855946|HER 
16 15 08.8095| 26.6855240|HER 
16 25 07.1526| 26.7128716|HER 
16 24 17.2677| 39.7117195|HER 
15 49 27.7025| 39.6189079|HER 
15 48 29.9005| 51.1176796|HER 
17 03 01.6383| 51.3242683|HER 
17 03 08.7246| 50.3244438|HER 
18 17 01.8453| 50.5470886|HER 
18 17 22.1701| 47.5476036|HER 
18 13 52.0497| 47.5369873|HER 
18 15 17.8527| 30.0391560|HER 
18 26 48.1855| 30.0739765|HER 
18 27 03.0927| 26.0743504|HER 
18 57 04.7682| 26.1640968|HER 
18 57 06.5189| 25.6641407|HER 
18 57 21.3919| 21.2478352|HER 
18 57 29.6727| 18.6647091|HER 
18 57 49.5029| 12.1651964|HER 
18 45 33.1308| 12.1287737|HER 
18 20 48.7403| 12.0543308|HER 
18 20 41.5857| 14.3874788|HER 
17 20 42.4507| 14.2060347|HER 
17 20 47.0033| 12.7061481|HER 
16 50 48.3558| 12.6179380|HER 
16 51 13.4183|  3.7852108|HER 
