04 20 18.3390|-39.7007294|HOR 
04 19 31.7727|-48.6996651|HOR 
04 08 35.9779|-48.6699715|HOR 
04 08 23.6735|-50.6697006|HOR 
03 53 30.5199|-50.6304779|HOR 
03 53 16.5091|-52.7968445|HOR 
03 33 27.6005|-52.7470779|HOR 
03 32 56.8359|-57.0797844|HOR 
03 15 09.8715|-57.0377846|HOR 
03 13 27.0455|-67.0358200|HOR 
02 12 48.5665|-66.9151917|HOR 
02 13 57.4619|-57.9161568|HOR 
02 14 20.1945|-53.4164696|HOR 
02 29 08.0031|-53.4423561|HOR 
02 29 21.8904|-50.4425697|HOR 
02 44 11.4465|-50.4708595|HOR 
02 44 20.4741|-48.4710045|HOR 
03 04 08.2833|-48.5122337|HOR 
03 04 21.7851|-45.5124779|HOR 
03 29 09.3606|-45.5692215|HOR 
03 29 18.4254|-43.5694046|HOR 
03 56 07.5275|-43.6364403|HOR 
03 56 25.4123|-39.6368256|HOR 
