08 11 23.7617| -0.3693900|HYA 
08 11 41.1339|  6.6302376|HYA 
09 21 37.0221|  6.4700689|HYA 
09 41 35.6201|  6.4327669|HYA 
09 41 23.7375| -0.5670585|HYA 
09 41 04.8653|-11.5667810|HYA 
10 51 13.8993|-11.6621428|HYA 
10 51 06.1297|-19.6620827|HYA 
10 56 07.3407|-19.6666222|HYA 
10 56 01.9399|-25.1665821|HYA 
11 56 21.9145|-25.1957951|HYA 
12 41 37.0860|-25.1864014|HYA 
12 41 35.6406|-22.6864090|HYA 
12 56 40.0488|-22.6773415|HYA 
14 22 03.1419|-22.5727749|HYA 
14 22 08.0857|-25.0727024|HYA 
15 02 18.3729|-24.9951096|HYA 
15 02 31.3847|-29.9948788|HYA 
12 41 40.1759|-30.1863899|HYA 
12 41 42.5277|-33.6863785|HYA 
12 21 32.9843|-33.6938934|HYA 
12 21 33.6711|-35.6938896|HYA 
11 05 55.0471|-35.6746559|HYA 
10 55 50.0437|-35.6664963|HYA 
10 55 54.6924|-31.8332005|HYA 
10 40 48.3309|-31.8185863|HYA 
10 40 51.0945|-29.8186131|HYA 
10 20 43.5185|-29.7947845|HYA 
10 20 47.8410|-27.1281624|HYA 
09 50 38.2279|-27.0835037|HYA 
09 50 43.1235|-24.5835705|HYA 
09 27 37.0404|-24.5425186|HYA 
09 10 32.8263|-24.5086308|HYA 
09 10 44.3928|-19.5088310|HYA 
08 40 39.2430|-19.4423733|HYA 
08 40 44.2416|-17.4424706|HYA 
08 27 42.5027|-17.4112568|HYA 
08 27 57.5471|-11.4115648|HYA 
08 10 56.2029|-11.3687992|HYA 
