21 57 50.6430| 36.5953827|LAC 
21 57 30.3937| 44.3451195|LAC 
21 59 31.5935| 44.3482628|LAC 
21 59 30.8655| 44.5982513|LAC 
22 03 03.0391| 44.6036453|LAC 
22 02 33.4104| 53.3532715|LAC 
22 12 41.9223| 53.3679428|LAC 
22 12 33.0303| 55.6178436|LAC 
22 23 43.5123| 55.6326256|LAC 
22 23 38.6232| 56.8825760|LAC 
22 57 12.9665| 56.9179611|LAC 
22 57 22.2843| 53.1680298|LAC 
22 57 51.6729| 35.1682358|LAC 
22 54 50.2063| 35.1656151|LAC 
22 54 49.5677| 35.6656113|LAC 
22 05 26.2939| 35.6069336|LAC 
22 05 24.1105| 36.6069069|LAC 
