10 51 23.9310| -0.6622211|LEO 
10 51 30.2447|  6.3377299|LEO 
09 41 35.6201|  6.4327669|LEO 
09 21 37.0221|  6.4700689|LEO 
09 22 35.0364| 32.9691162|LEO 
10 00 20.2525| 32.9022789|LEO 
10 00 10.1625| 27.9024086|LEO 
10 36 57.2163| 27.8529167|LEO 
10 36 50.6106| 22.8529778|LEO 
10 51 46.2093| 22.8376045|LEO 
10 51 48.3585| 24.8375893|LEO 
11 06 43.4250| 24.8250446|LEO 
11 06 46.5595| 28.3250256|LEO 
11 58 26.1459| 28.3040466|LEO 
11 58 25.0885| 13.3040485|LEO 
11 58 24.8963| 10.3040485|LEO 
11 37 27.7651| 10.3082914|LEO 
11 37 24.1259| -0.6916979|LEO 
11 37 22.1517| -6.6916924|LEO 
10 51 18.5133| -6.6621790|LEO 
