09 22 35.0364| 32.9691162|LMI 
09 22 53.1915| 39.2188187|LMI 
09 42 43.6734| 39.1817665|LMI 
09 42 50.2171| 41.4316750|LMI 
10 17 30.7737| 41.3773613|LMI 
10 17 26.2590| 39.3774109|LMI 
10 54 05.5605| 39.3356133|LMI 
10 53 57.4581| 33.3356781|LMI 
11 06 51.4141| 33.3249931|LMI 
11 06 46.5595| 28.3250256|LMI 
11 06 43.4250| 24.8250446|LMI 
10 51 48.3585| 24.8375893|LMI 
10 51 46.2093| 22.8376045|LMI 
10 36 50.6106| 22.8529778|LMI 
10 36 57.2163| 27.8529167|LMI 
10 00 10.1625| 27.9024086|LMI 
10 00 20.2525| 32.9022789|LMI 
