07 30 14.5725| 35.2445297|LYN 
07 30 56.1899| 44.2435493|LYN 
06 57 03.6727| 44.3418388|LYN 
06 57 37.5261| 49.8410034|LYN 
06 39 40.6703| 49.8945885|LYN 
06 40 11.0475| 53.8938293|LYN 
06 16 13.7679| 53.9662552|LYN 
06 16 31.4613| 55.9658089|LYN 
06 17 37.7895| 61.9641266|LYN 
07 11 24.3726| 61.8031464|LYN 
07 11 00.7674| 59.8037262|LYN 
08 08 30.9843| 59.6433983|LYN 
08 35 11.7921| 59.5759888|LYN 
08 33 45.6249| 46.5777283|LYN 
09 18 21.7707| 46.4782791|LYN 
09 18 02.9977| 41.4785957|LYN 
09 42 50.2171| 41.4316750|LYN 
09 42 43.6734| 39.1817665|LYN 
09 22 53.1915| 39.2188187|LYN 
09 22 35.0364| 32.9691162|LYN 
08 07 58.3755| 33.1415138|LYN 
07 53 01.9392| 33.1812286|LYN 
07 53 09.5301| 35.1810532|LYN 
