18 57 06.5189| 25.6641407|LYR 
18 57 04.7682| 26.1640968|LYR 
18 27 03.0927| 26.0743504|LYR 
18 26 48.1855| 30.0739765|LYR 
18 15 17.8527| 30.0391560|LYR 
18 13 52.0497| 47.5369873|LYR 
18 17 22.1701| 47.5476036|LYR 
19 08 28.9554| 47.6998672|LYR 
19 13 30.1249| 47.7143936|LYR 
19 13 52.8737| 43.7149391|LYR 
19 27 56.0466| 43.7550354|LYR 
19 28 28.7173| 36.7558022|LYR 
19 25 58.2251| 36.7487144|LYR 
19 26 23.7066| 30.2493153|LYR 
19 20 22.8606| 30.2321968|LYR 
19 20 31.8351| 27.7324085|LYR 
19 20 38.7153| 25.7325745|LYR 
