06 20 54.1633| -0.0537102|MON 
06 21 23.5275|  9.9455481|MON 
06 25 23.4397|  9.9334478|MON 
06 25 29.4633| 11.9332972|MON 
07 02 58.2756| 11.8213453|MON 
07 02 52.4303|  9.8214874|MON 
07 06 52.2911|  9.8097754|MON 
07 06 39.4373|  5.3100886|MON 
07 07 39.4259|  5.3071680|MON 
07 07 28.1751|  1.3074419|MON 
07 18 28.0605|  1.2755718|MON 
07 18 23.9199| -0.2243290|MON 
08 11 23.7617| -0.3693900|MON 
08 10 56.2029|-11.3687992|MON 
07 27 53.6159|-11.2521448|MON 
06 12 51.7500|-11.0301533|MON 
05 55 51.7897|-10.9785318|MON 
05 56 12.5693| -3.9790573|MON 
06 20 42.5141| -4.0534163|MON 
