16 22 24.6306| -0.2963768|OPH 
16 22 14.0628|  3.7033811|OPH 
16 51 13.4183|  3.7852108|OPH 
16 50 48.3558| 12.6179380|OPH 
17 20 47.0033| 12.7061481|OPH 
17 20 42.4507| 14.2060347|OPH 
18 20 41.5857| 14.3874788|OPH 
18 20 48.7403| 12.0543308|OPH 
18 45 33.1308| 12.1287737|OPH 
18 45 50.0565|  6.3791943|OPH 
18 21 05.9065|  6.3047633|OPH 
18 21 11.0427|  4.5548930|OPH 
18 31 29.0715|  4.5860157|OPH 
18 31 33.4319|  3.0861249|OPH 
18 21 15.4167|  3.0550034|OPH 
18 21 24.1437|  0.0552235|OPH 
17 56 24.2491| -0.0206471|OPH 
17 56 35.9289| -4.0203514|OPH 
18 04 35.9217| -3.9960551|OPH 
18 04 53.6919| -9.9956055|OPH 
17 46 53.7017|-10.0502338|OPH 
17 46 58.7280|-11.7167768|OPH 
17 41 58.6569|-11.7319136|OPH 
17 41 53.6377|-10.0653696|OPH 
17 16 53.2967|-10.1404381|OPH 
17 17 11.3827|-16.1399899|OPH 
17 43 12.0457|-16.0618820|OPH 
17 44 00.4405|-30.0606632|OPH 
16 52 56.4837|-30.2123089|OPH 
16 52 37.3609|-24.7960968|OPH 
16 23 33.9471|-24.8781185|OPH 
16 23 17.5161|-19.5451660|OPH 
16 29 48.1621|-19.5271549|OPH 
16 29 45.1752|-18.5272255|OPH 
16 23 14.5633|-18.5452347|OPH 
16 22 45.8889| -8.2958899|OPH 
16 01 44.9469| -8.3523235|OPH 
16 01 32.8689| -3.6025870|OPH 
16 22 33.2133| -3.5461800|OPH  
