04 43 24.5665|  0.2375014|ORI 
04 44 08.1669| 15.7364635|ORI 
05 05 09.3423| 15.6755352|ORI 
05 05 10.8669| 16.1754990|ORI 
05 27 11.6910| 16.1101055|ORI 
05 27 10.1358| 15.6101446|ORI 
05 43 10.4751| 15.5619202|ORI 
05 43 01.2137| 12.5621548|ORI 
05 53 01.2887| 12.5318508|ORI 
05 53 18.5201| 18.0314159|ORI 
05 49 18.4757| 18.0435486|ORI 
05 49 34.5105| 22.8764725|ORI 
06 00 34.5690| 22.8430862|ORI 
06 00 30.0373| 21.5098724|ORI 
06 20 29.7906| 21.4491768|ORI 
06 20 16.6981| 17.4495068|ORI 
06 25 46.5402| 17.4328651|ORI 
06 25 29.4633| 11.9332972|ORI 
06 25 23.4397|  9.9334478|ORI 
06 21 23.5275|  9.9455481|ORI 
06 20 54.1633| -0.0537102|ORI 
06 20 42.5141| -4.0534163|ORI 
05 56 12.5693| -3.9790573|ORI 
05 55 51.7897|-10.9785318|ORI 
05 10 52.8075|-10.8432293|ORI 
05 11 13.0549| -3.8437285|ORI 
04 46 13.5261| -3.7708201|ORI 
04 46 24.5553|  0.2289162|ORI 
