21 26 20.0331|  2.5393796|PEG 
21 26 00.2645| 13.0390635|PEG 
21 12 58.6836| 13.0132008|PEG 
21 13 00.0635| 12.3465548|PEG 
21 08 59.6073| 12.3382607|PEG 
21 08 42.9079| 20.0046406|PEG 
21 20 45.2181| 20.0290813|PEG 
21 20 36.4081| 24.0289364|PEG 
21 30 38.8847| 24.0482101|PEG 
21 30 28.8393| 28.5480537|PEG 
21 49 34.8435| 28.5817947|PEG 
21 49 16.7916| 36.5815468|PEG 
21 57 50.6430| 36.5953827|PEG 
22 05 24.1105| 36.6069069|PEG 
22 05 26.2939| 35.6069336|PEG 
22 54 49.5677| 35.6656113|PEG 
22 54 50.2063| 35.1656151|PEG 
22 57 51.6729| 35.1682358|PEG 
23 36 10.6031| 35.1913109|PEG 
23 36 11.7979| 32.7746468|PEG 
23 51 18.7398| 32.7785072|PEG 
23 51 18.8979| 32.0285034|PEG 
00 06 25.6745| 32.0293655|PEG 
00 06 25.4919| 28.6960354|PEG 
00 10 27.0822| 28.6957588|PEG 
00 10 26.4039| 22.6957588|PEG 
00 14 57.7547| 22.6951923|PEG 
00 14 57.5811| 21.6951923|PEG 
00 14 56.1883| 13.1951942|PEG 
00 06 24.7619| 13.1960354|PEG 
00 06 24.6553| 10.6960354|PEG 
23 56 23.3085| 10.6957970|PEG 
23 56 23.5281|  8.1957970|PEG 
22 51 17.1399|  8.1621685|PEG 
22 51 22.1321|  2.6622071|PEG 
22 06 20.9441|  2.6076074|PEG 
22 06 21.3012|  2.3576119|PEG 
21 46 20.9007|  2.3256910|PEG 
21 46 19.2525|  3.3256676|PEG 
21 34 18.8997|  3.3043909|PEG 
21 34 20.2249|  2.5544112|PEG  
