02 50 30.8112| 31.1865025|PER 
02 50 39.9523| 34.5196762|PER 
02 41 36.5719| 34.5375137|PER 
02 41 44.3181| 37.2873878|PER 
02 38 43.0419| 37.2931557|PER 
02 39 32.5149| 51.0423737|PER 
02 10 41.7123| 51.0925827|PER 
02 10 29.1579| 47.5927505|PER 
01 47 43.5455| 47.6258430|PER 
01 47 52.4457| 50.6257439|PER 
01 29 37.9047| 50.6478767|PER 
01 29 49.4433| 54.6477699|PER 
01 50 08.0739| 54.6228828|PER 
01 50 22.8534| 58.1227188|PER 
02 03 05.6697| 58.1046753|PER 
02 03 10.9501| 59.1046104|PER 
02 35 12.5653| 59.0511551|PER 
02 35 02.9609| 57.5513000|PER 
03 15 36.2232| 57.4684982|PER 
03 19 39.2391| 57.4593849|PER 
03 19 24.9654| 55.4596519|PER 
03 29 31.6561| 55.4362831|PER 
03 29 15.1407| 52.9366074|PER 
04 51 21.6684| 52.7196465|PER 
04 49 49.7625| 36.2218513|PER 
04 38 17.7219| 36.2547150|PER 
04 37 56.8650| 30.9218750|PER 
03 29 42.4003| 31.1003609|PER 
