06 03 48.4265|-43.0057793|PIC 
05 03 53.8665|-42.8255501|PIC 
04 53 55.7689|-42.7963676|PIC 
04 53 36.4999|-46.2959023|PIC 
04 33 41.7831|-46.2387962|PIC 
04 33 26.9395|-48.7384491|PIC 
04 32 52.2589|-53.7376366|PIC 
05 02 42.4842|-53.8238029|PIC 
05 02 11.4583|-57.3230400|PIC 
05 32 04.5129|-57.4122620|PIC 
05 31 25.8273|-60.9112892|PIC 
06 01 22.8147|-61.0020981|PIC 
06 00 41.6743|-64.0010529|PIC 
06 35 44.9397|-64.1070251|PIC 
06 50 48.7953|-64.1518784|PIC 
06 52 02.6681|-58.1537018|PIC 
06 31 58.8187|-58.0938416|PIC 
06 32 27.4261|-55.0945587|PIC 
06 12 25.7760|-55.0340500|PIC 
06 12 46.6449|-52.5345764|PIC 
06 02 46.4892|-52.5042114|PIC 
06 02 59.7365|-50.7545471|PIC 
