22 51 23.9310|  0.6622211|PSC 
22 51 22.1321|  2.6622071|PSC 
22 51 17.1399|  8.1621685|PSC 
23 56 23.5281|  8.1957970|PSC 
23 56 23.3085| 10.6957970|PSC 
00 06 24.6553| 10.6960354|PSC 
00 06 24.7619| 13.1960354|PSC 
00 14 56.1883| 13.1951942|PSC 
00 14 57.5811| 21.6951923|PSC 
00 57 39.5557| 21.6766376|PSC 
00 57 41.7755| 24.4266243|PSC 
00 49 39.2379| 24.4319324|PSC 
00 49 46.3353| 33.6818962|PSC 
01 31 35.3823| 33.6453705|PSC 
01 31 27.9408| 28.6454391|PSC 
01 47 03.5304| 28.6262817|PSC 
01 46 58.7219| 25.6263351|PSC 
01 46 37.3761| 10.5432396|PSC 
02 06 39.6594| 10.5143948|PSC 
02 06 27.6639|  2.5978806|PSC 
00 26 24.9090|  2.6925383|PSC 
00 26 24.3189|  0.6925398|PSC 
00 26 22.2486| -6.3074551|PSC 
23 56 24.7917| -6.3042021|PSC 
23 56 24.5307| -3.3042023|PSC 
22 51 27.5289| -3.3377509|PSC 
