16 01 44.9469| -8.3523235|SCO 
16 22 45.8889| -8.2958899|SCO 
16 23 14.5633|-18.5452347|SCO 
16 29 45.1752|-18.5272255|SCO 
16 29 48.1621|-19.5271549|SCO 
16 23 17.5161|-19.5451660|SCO 
16 23 33.9471|-24.8781185|SCO 
16 52 37.3609|-24.7960968|SCO 
16 52 56.4837|-30.2123089|SCO 
17 44 00.4405|-30.0606632|SCO 
17 58 00.6747|-30.0182076|SCO 
17 58 30.1113|-37.0174599|SCO 
17 59 14.2281|-45.5163460|SCO 
16 34 16.9497|-45.7670517|SCO 
16 33 58.7466|-42.2674789|SCO 
16 08 36.6735|-42.3366776|SCO 
16 07 47.4477|-29.8377628|SCO 
15 47 43.1952|-29.8896160|SCO 
15 47 15.1353|-20.3902016|SCO 
16 02 17.2263|-20.3516178|SCO 
