18 21 24.1437|  0.0552235|SER2
18 21 15.4167|  3.0550034|SER2
18 31 45.4137|  3.0867271|SER2
18 31 41.0535|  4.5866175|SER2
18 21 11.0427|  4.5548930|SER2
18 21 05.9065|  6.3047633|SER2
18 45 50.0565|  6.3791943|SER2
18 58 06.2364|  6.4156075|SER2
18 58 18.3421|  2.1659052|SER2
18 41 18.2958|  2.1153460|SER2
18 41 24.0501|  0.1154895|SER2
18 41 35.5650| -3.8842230|SER2
18 21 35.7894| -3.9444826|SER2
18 22 11.8863|-15.9435720|SER2
17 43 12.0457|-16.0618820|SER2
17 17 11.3827|-16.1399899|SER2
17 16 53.2967|-10.1404381|SER2
17 41 53.6377|-10.0653696|SER2
17 41 58.6569|-11.7319136|SER2
17 46 58.7280|-11.7167768|SER2
17 46 53.7017|-10.0502338|SER2
18 04 53.6919| -9.9956055|SER2
18 04 35.9217| -3.9960551|SER2
17 56 35.9289| -4.0203514|SER2
17 56 24.2491| -0.0206471|SER2
