09 42 50.2171| 41.4316750|UMA 
09 18 02.9977| 41.4785957|UMA 
09 18 21.7707| 46.4782791|UMA 
08 33 45.6249| 46.5777283|UMA 
08 35 11.7921| 59.5759888|UMA 
08 08 30.9843| 59.6433983|UMA 
08 12 20.6949| 73.1383743|UMA 
09 22 27.7137| 72.9741364|UMA 
11 27 50.7287| 72.8125000|UMA 
11 27 23.8431| 65.8126068|UMA 
12 06 19.0213| 65.8039627|UMA 
12 06 19.5743| 63.3039627|UMA 
13 34 12.1293| 63.3593445|UMA 
13 34 17.6739| 62.3593979|UMA 
14 28 10.8609| 62.4414825|UMA 
14 29 00.2997| 54.9422379|UMA 
14 06 20.2539| 54.9035759|UMA 
14 06 47.6957| 47.9039383|UMA 
13 35 10.8273| 47.8599281|UMA 
13 34 58.1757| 52.3598061|UMA 
12 11 16.4454| 52.3043365|UMA 
12 11 18.3441| 44.3043365|UMA 
12 06 21.9399| 44.3039627|UMA 
12 06 22.6815| 33.3039627|UMA 
12 06 22.9593| 28.3039627|UMA 
11 58 26.1459| 28.3040466|UMA 
11 06 46.5595| 28.3250256|UMA 
11 06 51.4141| 33.3249931|UMA 
10 53 57.4581| 33.3356781|UMA 
10 54 05.5605| 39.3356133|UMA 
10 17 26.2590| 39.3774109|UMA 
10 17 30.7737| 41.3773613|UMA 
