11 37 24.1259| -0.6916979|VIR 
11 37 27.7651| 10.3082914|VIR 
11 58 24.8963| 10.3040485|VIR 
11 58 25.0885| 13.3040485|VIR 
12 56 14.8866| 13.3225126|VIR 
12 56 14.1759| 14.3225088|VIR 
13 36 06.9433| 14.3604937|VIR 
13 36 15.3237|  7.3605771|VIR 
15 11 07.5567|  7.5253930|VIR 
15 11 24.7229| -0.4742887|VIR 
14 46 24.7422| -0.5269387|VIR 
14 46 40.1059| -8.5266848|VIR 
14 21 38.0415| -8.5731344|VIR 
14 22 03.1419|-22.5727749|VIR 
12 56 40.0488|-22.6773415|VIR 
12 56 31.9326|-11.6773882|VIR 
11 56 23.2224|-11.6957970|VIR 
11 56 23.6655| -6.6957974|VIR 
11 37 22.1517| -6.6916924|VIR 
