18 57 21.3919| 21.2478352|VUL 
18 57 06.5189| 25.6641407|VUL 
19 20 38.7153| 25.7325745|VUL 
19 20 31.8351| 27.7324085|VUL 
19 45 05.3283| 27.8011742|VUL 
19 45 00.2265| 29.3010578|VUL 
21 00 17.4201| 29.4871387|VUL 
21 00 20.1395| 28.4871883|VUL 
21 30 28.8393| 28.5480537|VUL 
21 30 38.8847| 24.0482101|VUL 
21 20 36.4081| 24.0289364|VUL 
21 20 45.2181| 20.0290813|VUL 
21 08 42.9079| 20.0046406|VUL 
20 39 37.8396| 19.9399967|VUL 
20 39 35.2649| 20.9399471|VUL 
20 20 32.1717| 20.8936996|VUL 
20 20 30.0981| 21.6436558|VUL 
19 55 26.4612| 21.5787334|VUL 
19 55 32.5653| 19.4955387|VUL 
19 20 29.1091| 19.3982983|VUL 
19 20 23.1147| 21.3148155|VUL 
